b'CNT0043697'	0	0.163	0.837
b'CNT0043691'	0	0.271	0.729
b'CNT0043693'	0	0.187	0.813
b'CNT0042124'	0	0.182	0.818
b'CNT0042127'	0	0.357	0.643
b'CNT0042122'	0	0.239	0.761
b'CNT0044673'	0	0.325	0.675
b'CNT0044675'	0	0.108	0.892
b'CNT0040778'	0	0.149	0.851
b'CNT0040775'	0	0.312	0.688
b'CNT0040774'	0	0.247	0.753
b'CNT0040773'	0	0.305	0.695
b'CNT0040771'	0	0.071	0.929
b'CNT0040770'	0	0.194	0.806
b'CNT0040715'	0	0.137	0.863
b'CNT0040714'	0	0.282	0.718
b'CNT0040711'	0	0.326	0.674
b'CNT0040710'	0	0.154	0.846
b'CNT0042326'	0	0.091	0.909
b'CNT0042321'	0	0.147	0.853
b'CNT0040890'	0	0.106	0.894
b'CNT0040891'	0	0.067	0.933
b'CNT0040897'	0	0.272	0.728
b'CNT0040894'	0	0.186	0.814
b'CNT0040898'	0	0.116	0.884
b'CNT0040899'	0	0.11	0.89
b'CNT0041147'	0	0.197	0.803
b'CNT0041145'	0	0.139	0.861
b'CNT0041143'	0	0.152	0.848
b'CNT0041141'	0	0.249	0.751
b'CNT0041140'	0	0.299	0.701
b'CNT0041149'	0	0.339	0.661
b'CNT0041148'	0	0.156	0.844
b'CNT0044422'	0	0.069	0.931
b'CNT0043156'	0	0.162	0.838
b'CNT0043152'	0	0.293	0.707
b'CNT0041767'	0	0.27	0.73
b'CNT0041301'	0	0.189	0.811
b'CNT0041300'	0	0.17	0.83
b'CNT0041302'	0	0.294	0.706
b'CNT0041305'	0	0.223	0.777
b'CNT0041304'	0	0.201	0.799
b'CNT0042520'	0	0.209	0.791
b'CNT0043457'	0	0.172	0.828
b'CNT0042630'	1	0.535	0.465
b'CNT0043792'	0	0.169	0.831
b'CNT0043796'	0	0.064	0.936
b'CNT0043798'	0	0.116	0.884
b'CNT0044808'	0	0.124	0.876
b'CNT0044747'	0	0.143	0.857
b'CNT0044742'	0	0.189	0.811
b'CNT0044741'	0	0.264	0.736
b'CNT0040918'	0	0.092	0.908
b'CNT0042384'	0	0.109	0.891
b'CNT0042385'	0	0.388	0.612
b'CNT0042386'	0	0.399	0.601
b'CNT0042382'	0	0.123	0.877
b'CNT0043260'	0	0.055	0.945
b'CNT0043261'	0	0.259	0.741
b'CNT0044618'	0	0.15	0.85
b'CNT0043262'	0	0.212	0.788
b'CNT0043263'	0	0.118	0.882
b'CNT0043800'	0	0.222	0.778
b'CNT0043806'	0	0.448	0.552
b'CNT0041511'	0	0.087	0.913
b'CNT0041512'	0	0.188	0.812
b'CNT0041513'	0	0.432	0.568
b'CNT0041515'	0	0.335	0.665
b'CNT0044602'	0	0.238	0.762
b'CNT0040643'	0	0.155	0.845
b'CNT0040641'	0	0.304	0.696
b'CNT0044949'	0	0.195	0.805
b'CNT0040648'	0	0.107	0.893
b'CNT0040831'	0	0.195	0.805
b'CNT0042437'	0	0.168	0.832
b'CNT0042434'	0	0.161	0.839
b'CNT0042435'	0	0.093	0.907
b'CNT0042432'	1	0.72	0.28
b'CNT0043442'	0	0.316	0.684
b'CNT0043443'	0	0.364	0.636
b'CNT0043444'	0	0.095	0.905
b'CNT0044539'	0	0.146	0.854
b'CNT0044531'	0	0.082	0.918
b'CNT0044536'	0	0.168	0.832
b'CNT0041227'	0	0.343	0.657
b'CNT0045091'	0	0.179	0.821
b'CNT0045090'	0	0.249	0.751
b'CNT0041597'	0	0.174	0.826
b'CNT0043109'	0	0.133	0.867
b'CNT0044326'	0	0.15	0.85
b'CNT0043397'	0	0.148	0.852
b'CNT0041495'	0	0.165	0.835
b'CNT0041496'	0	0.414	0.586
b'CNT0041491'	0	0.268	0.732
b'CNT0044040'	0	0.291	0.709
b'CNT0044045'	0	0.258	0.742
b'CNT0044047'	0	0.142	0.858
b'CNT0044046'	0	0.149	0.851
b'CNT0044048'	0	0.211	0.789
b'CNT0041728'	0	0.252	0.748
b'CNT0042600'	0	0.247	0.753
b'CNT0042602'	0	0.162	0.838
b'CNT0042605'	0	0.177	0.823
b'CNT0045059'	0	0.175	0.825
b'CNT0045051'	0	0.105	0.895
b'CNT0045054'	0	0.133	0.867
b'CNT0042365'	0	0.395	0.605
b'CNT0042380'	0	0.243	0.757
b'CNT0040936'	0	0.155	0.845
b'CNT0044954'	0	0.122	0.878
b'CNT0044951'	0	0.329	0.671
b'CNT0044958'	0	0.183	0.817
b'CNT0040876'	0	0.285	0.715
b'CNT0043718'	0	0.484	0.516
b'CNT0044541'	0	0.125	0.875
b'CNT0042043'	0	0.17	0.83
b'CNT0042046'	0	0.254	0.746
b'CNT0042045'	0	0.244	0.756
b'CNT0045218'	1	0.58	0.42
b'CNT0045213'	0	0.407	0.593
b'CNT0045212'	0	0.226	0.774
b'CNT0045211'	0	0.191	0.809
b'CNT0045210'	0	0.45	0.55
b'CNT0045216'	0	0.188	0.812
b'CNT0045215'	0	0.472	0.528
b'CNT0040999'	0	0.121	0.879
b'CNT0040998'	0	0.112	0.888
b'CNT0040996'	0	0.109	0.891
b'CNT0040994'	0	0.37	0.63
b'CNT0043347'	0	0.16	0.84
b'AT2G41231.1'	0	0.419	0.581
b'AT2G41290.1'	1	0.958	0.042
b'AT2G41300.1'	1	0.97	0.03
b'AT2G41330.1'	1	0.973	0.027
b'AT2G41342.1'	0	0.181	0.819
b'AT2G41350.2'	1	0.904	0.096
b'AT2G41360.1'	1	0.976	0.024
b'AT2G41420.1'	1	0.617	0.383
b'AT2G41440.1'	1	0.93	0.07
b'AT2G41450.1'	1	0.953	0.047
b'AT2G41460.1'	1	0.93	0.07
b'AT2G41473.1'	0	0.473	0.527
b'AT2G41510.1'	1	0.863	0.137
b'AT2G41540.1'	1	0.88	0.12
b'AT2G41590.1'	1	0.747	0.253
b'AT2G41600.5'	1	0.791	0.209
b'AT2G41630.1'	1	0.952	0.048
b'AT2G41660.1'	1	0.944	0.056
b'AT2G41710.3'	1	0.974	0.026
b'AT2G41730.1'	1	0.557	0.443
b'AT2G41740.1'	1	0.95	0.05
b'AT2G41750.1'	1	0.628	0.372
b'AT2G41790.1'	1	0.973	0.027
b'AT2G41835.1'	1	0.87	0.13
b'AT2G41850.1'	1	0.938	0.062
b'AT2G41870.1'	1	0.943	0.057
b'AT2G41920.1'	1	0.975	0.025
b'AT2G41950.1'	1	0.712	0.288
b'AT2G41990.1'	1	0.758	0.242
b'AT2G42005.1'	1	0.924	0.076
b'AT2G42010.1'	1	0.985	0.015
b'AT2G42040.1'	1	0.967	0.033
b'AT2G42060.1'	1	0.741	0.259
b'AT2G42080.1'	1	0.868	0.132
b'AT2G42180.1'	1	0.57	0.43
b'AT2G42230.2'	1	0.935	0.065
b'AT2G42240.2'	1	0.937	0.063
b'AT2G42290.1'	1	0.875	0.125
b'AT2G42330.1'	1	0.953	0.047
b'AT2G42340.1'	1	0.878	0.122
b'AT2G42350.1'	1	0.736	0.264
b'AT2G42370.1'	1	0.88	0.12
b'AT2G42390.1'	1	0.814	0.186
b'AT2G42430.1'	1	0.663	0.337
b'AT2G42450.1'	1	0.945	0.055
b'AT2G42460.1'	1	0.936	0.064
b'AT2G42470.1'	1	0.929	0.071
b'AT2G42490.1'	1	0.983	0.017
b'AT2G42500.1'	1	0.893	0.107
b'AT2G42510.2'	1	0.983	0.017
b'AT2G42530.1'	1	0.861	0.139
b'AT2G42550.1'	1	0.95	0.05
b'AT2G42610.1'	1	0.615	0.385
b'AT2G42640.1'	1	0.936	0.064
b'AT2G42660.1'	1	0.857	0.143
b'AT2G42670.2'	1	0.854	0.146
b'AT2G42700.2'	1	0.989	0.011
b'AT2G42720.1'	1	0.821	0.179
b'AT2G42730.1'	1	0.973	0.027
b'AT2G42760.1'	1	0.966	0.034
b'AT2G42780.1'	1	0.941	0.059
b'AT2G42790.1'	1	0.803	0.197
b'AT2G42810.2'	1	0.87	0.13
b'AT2G42870.1'	0	0.445	0.555
b'AT2G42885.1'	0	0.185	0.815
b'AT2G42930.1'	1	0.628	0.372
b'AT2G42940.1'	1	0.725	0.275
b'AT2G42990.1'	1	0.918	0.082
b'AT2G43020.1'	1	0.995	0.005
b'AT2G43030.1'	1	0.958	0.042
b'AT2G43040.1'	1	0.964	0.036
b'AT2G43070.1'	1	0.95	0.05
b'AT2G43080.1'	1	0.92	0.08
b'AT2G43120.1'	1	0.948	0.052
b'AT2G43130.1'	1	0.842	0.158
b'AT2G43140.2'	1	0.952	0.048
b'AT2G43160.3'	1	0.953	0.047
b'AT2G43180.1'	1	0.996	0.004
b'AT2G43210.1'	1	0.955	0.045
b'AT2G43220.1'	1	0.931	0.069
b'AT2G43235.1'	1	0.91	0.09
b'AT2G43250.1'	1	0.972	0.028
b'AT2G43261.1'	1	0.779	0.221
b'AT2G43270.1'	1	0.931	0.069
b'AT2G43330.1'	1	0.99	0.01
b'AT2G43350.1'	1	0.765	0.235
b'AT2G43371.1'	0	0.424	0.576
b'AT2G43386.1'	1	0.547	0.453
b'AT2G43400.1'	1	0.97	0.03
b'AT2G43445.1'	1	0.984	0.016
b'AT2G43450.1'	1	0.533	0.467
b'AT2G43460.1'	0	0.265	0.735
b'AT2G43480.1'	1	0.939	0.061
b'AT2G43490.1'	1	0.984	0.016
b'AT2G43510.1'	0	0.489	0.511
b'AT2G43570.1'	1	0.837	0.163
b'AT2G43590.1'	1	0.704	0.296
b'AT2G43620.1'	1	0.88	0.12
b'AT2G43660.2'	1	0.507	0.493
b'AT2G43680.1'	1	0.832	0.168
b'AT2G43690.1'	1	0.964	0.036
b'AT2G43700.1'	1	0.952	0.048
b'AT2G43730.1'	1	0.825	0.175
b'AT2G43740.1'	1	0.73	0.27
b'AT2G43820.1'	1	0.865	0.135
b'AT2G43870.1'	1	0.961	0.039
b'AT2G43871.1'	0	0.494	0.506
b'AT2G43880.1'	1	0.817	0.183
b'AT2G43900.1'	1	0.994	0.006
b'AT2G43930.1'	1	0.752	0.248
b'AT2G43940.1'	1	0.92	0.08
b'AT2G43950.1'	1	0.894	0.106
b'AT2G43980.1'	1	0.948	0.052
b'AT2G44000.1'	0	0.492	0.508
b'AT2G44050.1'	1	0.92	0.08
b'AT2G44065.1'	1	0.82	0.18
b'AT2G44080.1'	0	0.37	0.63
b'AT2G44130.1'	1	0.902	0.098
b'AT2G44160.1'	1	0.987	0.013
b'AT2G44180.1'	1	0.891	0.109
b'AT2G44190.1'	1	0.849	0.151
b'AT2G44200.1'	1	0.885	0.115
b'AT2G44210.2'	1	0.905	0.095
b'AT2G44220.1'	1	0.914	0.086
b'AT2G44230.1'	1	0.978	0.022
b'AT2G44250.1'	1	0.927	0.073
b'AT2G44260.2'	1	0.98	0.02
b'AT2G44304.1'	0	0.494	0.506
b'AT2G44310.1'	1	0.808	0.192
b'AT2G44360.1'	1	0.717	0.283
